0 0.866900 0.715800 0.092200 0.089700
0 0.620600 0.550600 0.052300 0.055500
0 0.267300 0.539200 0.040200 0.069200
0 0.502400 0.554000 0.049200 0.056500
0 0.240500 0.466300 0.041900 0.049700
0 0.659400 0.514200 0.059800 0.047900
0 0.396100 0.686500 0.057000 0.086000
0 0.745000 0.559600 0.055700 0.054800
0 0.779300 0.545600 0.044700 0.040000
0 0.697800 0.586600 0.137200 0.123400
0 0.289500 0.501900 0.037500 0.041800
0 0.560900 0.510100 0.048700 0.048600
0 0.731100 0.621200 0.071400 0.072000
0 0.210000 0.479000 0.039500 0.054600
0 0.510300 0.439900 0.111100 0.117600
0 0.385500 0.511000 0.079600 0.059400
0 0.351800 0.428200 0.042900 0.032100
