0 0.528700 0.721500 0.065600 0.094900
0 0.718400 0.599100 0.062000 0.073900
0 0.850100 0.562400 0.061800 0.079200
0 0.785400 0.557000 0.095100 0.087700
0 0.276900 0.604700 0.046800 0.076700
0 0.456900 0.587200 0.055900 0.070300
0 0.591000 0.523100 0.037300 0.045500
0 0.386300 0.621500 0.057900 0.086500
0 0.482900 0.471900 0.041500 0.029500
0 0.575600 0.480200 0.052000 0.051100
0 0.613700 0.476400 0.036600 0.034600
0 0.306200 0.413300 0.020100 0.019600
0 0.376400 0.440600 0.028600 0.026000
0 0.411600 0.434900 0.023700 0.024000
0 0.782400 0.421400 0.041500 0.037500
0 0.453900 0.529500 0.046600 0.048800
0 0.346400 0.496700 0.044700 0.047500
0 0.256700 0.551200 0.039600 0.059700
0 0.254700 0.486700 0.018600 0.029000
0 0.181800 0.396100 0.035600 0.030100
