0 0.811200 0.671200 0.081600 0.076300
0 0.682700 0.716700 0.082800 0.117800
0 0.522500 0.688200 0.063900 0.107000
0 0.676900 0.580700 0.062200 0.066800
0 0.929100 0.608500 0.083600 0.075300
0 0.397600 0.652500 0.066900 0.126300
0 0.596500 0.529800 0.038600 0.048900
0 0.610300 0.474100 0.050300 0.051600
0 0.447300 0.573400 0.053800 0.065800
0 0.979400 0.580100 0.041100 0.071700
0 0.936500 0.692200 0.085600 0.076600
0 0.282700 0.777100 0.075400 0.156000
0 0.840400 0.959700 0.047200 0.068300
0 0.663200 0.476300 0.043800 0.030900
0 0.500000 0.481500 0.047800 0.042700
0 0.688000 0.962500 0.114400 0.074700
0 0.238100 0.522500 0.037900 0.051300
0 0.275100 0.591400 0.041700 0.063700
0 0.378400 0.418300 0.027300 0.027800
0 0.390400 0.448500 0.033100 0.024600
0 0.464800 0.471900 0.075900 0.050200
