0 0.830700 0.612100 0.071600 0.062100
0 0.985600 0.631300 0.027200 0.080600
0 0.639100 0.561500 0.038600 0.050600
0 0.307400 0.529300 0.047000 0.072700
0 0.239700 0.521200 0.040300 0.063200
0 0.382100 0.624200 0.050800 0.077200
0 0.340500 0.421100 0.031600 0.039000
0 0.668100 0.522000 0.043800 0.044900
0 0.423800 0.421700 0.037100 0.034100
0 0.507100 0.464500 0.040400 0.038000
0 0.874900 0.692800 0.076000 0.075400
0 0.274000 0.834500 0.082200 0.124900
0 0.853100 0.937500 0.102800 0.099600
0 0.205800 0.525900 0.037400 0.062300
0 0.562500 0.490500 0.044100 0.032800
0 0.598700 0.645000 0.069100 0.088600
0 0.888200 0.759500 0.159700 0.175300
