0 0.597600 0.821600 0.090300 0.128600
0 0.498100 0.623700 0.063800 0.094000
0 0.766200 0.637300 0.074300 0.078300
0 0.920100 0.646600 0.096200 0.094500
0 0.703900 0.503600 0.056900 0.056700
0 0.628600 0.510600 0.052200 0.047600
0 0.650900 0.573200 0.051300 0.038800
0 0.467300 0.438700 0.040400 0.050400
0 0.308700 0.521300 0.040000 0.057500
0 0.545000 0.502100 0.044700 0.050100
0 0.657900 0.694200 0.085000 0.104400
0 0.401000 0.672400 0.058600 0.105700
0 0.443500 0.502900 0.049400 0.066800
0 0.426200 0.434800 0.024500 0.028300
0 0.369400 0.587700 0.046700 0.076800
0 0.352500 0.413300 0.024700 0.037500
0 0.824800 0.920000 0.048700 0.112300
0 0.409300 0.582900 0.053500 0.068400
0 0.344500 0.529800 0.040400 0.041000
0 0.259300 0.479500 0.039700 0.050200
0 0.663800 0.966200 0.109600 0.067600
