0 0.722700 0.548400 0.064500 0.070200
0 0.595100 0.528700 0.048900 0.060600
0 0.839000 0.613600 0.088100 0.074400
0 0.499800 0.556900 0.065300 0.073000
0 0.532300 0.669700 0.067200 0.096800
0 0.491500 0.462500 0.038500 0.040200
0 0.626000 0.499500 0.052100 0.053200
0 0.447800 0.457700 0.046500 0.048300
0 0.440600 0.581800 0.052100 0.067100
0 0.353400 0.465400 0.048800 0.066300
0 0.279200 0.574300 0.098500 0.195700
0 0.342900 0.543000 0.040100 0.067800
0 0.298900 0.518300 0.118300 0.089900
0 0.971100 0.713000 0.057300 0.079600
0 0.833100 0.547900 0.078500 0.071300
0 0.389400 0.431700 0.023300 0.025300
0 0.431900 0.424000 0.033000 0.032600
0 0.518800 0.438800 0.044100 0.040700
