0 0.825600 0.553200 0.072500 0.071000
0 0.765900 0.602400 0.068700 0.075500
0 0.559100 0.770200 0.078800 0.114800
0 0.835100 0.684400 0.086700 0.077800
0 0.486000 0.466700 0.034000 0.043100
0 0.555600 0.460800 0.035200 0.039000
0 0.282700 0.647700 0.053900 0.091900
0 0.323400 0.510900 0.045600 0.083500
0 0.502800 0.644900 0.067100 0.099200
0 0.245200 0.468900 0.037800 0.046000
0 0.352100 0.438200 0.025000 0.019600
0 0.396700 0.429800 0.020900 0.021000
0 0.971600 0.734800 0.056300 0.063700
0 0.627100 0.461300 0.044500 0.049400
0 0.388500 0.485800 0.049800 0.049700
0 0.460100 0.469000 0.029200 0.037800
0 0.263900 0.541100 0.041800 0.054500
0 0.323600 0.420100 0.030700 0.038100
