0 0.635200 0.557400 0.059000 0.051900
0 0.772800 0.647900 0.075200 0.083300
0 0.814400 0.519600 0.059900 0.057900
0 0.768800 0.568900 0.067400 0.067300
0 0.608100 0.884700 0.106300 0.167700
0 0.275800 0.703000 0.060200 0.093200
0 0.271900 0.827700 0.077300 0.148900
0 0.686500 0.737700 0.086600 0.107000
0 0.497300 0.481400 0.042800 0.038700
0 0.462700 0.944400 0.109700 0.087500
0 0.326400 0.416900 0.034900 0.035900
0 0.538400 0.471200 0.017900 0.025200
0 0.762900 0.409300 0.037400 0.050400
0 0.965600 0.707700 0.064400 0.065300
0 0.401100 0.446500 0.023500 0.023200
0 0.558300 0.477400 0.055500 0.032700
0 0.428500 0.437000 0.039400 0.029100
0 0.276200 0.492100 0.042700 0.043700
0 0.379200 0.617100 0.056700 0.092800
0 0.240500 0.538500 0.035500 0.044800
0 0.478500 0.614900 0.062300 0.092200
0 0.606900 0.461600 0.013900 0.024300
0 0.297200 0.469900 0.019900 0.024000
