0 0.709700 0.551800 0.060700 0.062000
0 0.822000 0.559000 0.068800 0.055800
0 0.424300 0.561500 0.050200 0.074000
0 0.301100 0.645100 0.049600 0.085600
0 0.332500 0.537000 0.043000 0.062400
0 0.778400 0.655200 0.084600 0.071600
0 0.567600 0.493600 0.053300 0.084000
0 0.800600 0.506900 0.063300 0.047700
0 0.682000 0.497600 0.052500 0.052900
0 0.258900 0.541100 0.040200 0.090900
0 0.955600 0.604500 0.060500 0.071000
0 0.633400 0.439900 0.083800 0.074000
0 0.507000 0.424700 0.102300 0.075700
0 0.296400 0.551500 0.043600 0.072900
0 0.365200 0.417400 0.023800 0.028600
0 0.235000 0.535400 0.088400 0.122600
0 0.691900 0.503600 0.033700 0.029200
