0 0.409400 0.670200 0.056700 0.104700
0 0.284800 0.686000 0.058200 0.122200
0 0.340700 0.542900 0.051400 0.062000
0 0.850800 0.689000 0.085900 0.076500
0 0.521500 0.648700 0.068500 0.101400
0 0.267200 0.587100 0.047400 0.076500
0 0.700300 0.598900 0.066700 0.071300
0 0.715300 0.513600 0.055400 0.059800
0 0.456200 0.604000 0.051300 0.077200
0 0.774700 0.865400 0.113900 0.136400
0 0.576300 0.483100 0.050900 0.052900
0 0.877800 0.645700 0.082700 0.071300
0 0.246900 0.902300 0.094800 0.141300
0 0.366000 0.424800 0.040100 0.047300
0 0.313900 0.415000 0.029800 0.041600
0 0.238100 0.523000 0.035500 0.054500
0 0.675400 0.961500 0.117500 0.077000
0 0.440900 0.552400 0.017000 0.034100
0 0.408800 0.549700 0.027400 0.054900
0 0.455600 0.452100 0.040300 0.043400
