0 0.293200 0.773500 0.069500 0.138000
0 0.737700 0.492500 0.051600 0.051900
0 0.748500 0.578000 0.070600 0.064400
0 0.544300 0.728500 0.070800 0.101500
0 0.301100 0.596200 0.042800 0.074300
0 0.897300 0.460200 0.070900 0.064400
0 0.508800 0.566400 0.054600 0.063200
0 0.328000 0.541400 0.038600 0.063000
0 0.292300 0.506600 0.039000 0.062100
0 0.251700 0.551100 0.041100 0.049500
0 0.913600 0.572300 0.079600 0.079600
0 0.322100 0.417300 0.041500 0.034200
0 0.333800 0.486000 0.042600 0.046000
0 0.298700 0.553100 0.036000 0.055600
0 0.261300 0.629400 0.051000 0.106200
0 0.260800 0.463200 0.036200 0.055800
0 0.287600 0.439000 0.036600 0.050300
0 0.390400 0.630400 0.091800 0.190600
0 0.263800 0.405700 0.036500 0.028900
0 0.705600 0.796300 0.059000 0.152100
