0 0.476300 0.627700 0.057500 0.075300
0 0.700000 0.537700 0.057000 0.058600
0 0.736100 0.518400 0.052800 0.050600
0 0.285600 0.620600 0.051800 0.095200
0 0.616500 0.497600 0.051600 0.059700
0 0.842500 0.615900 0.072800 0.069500
0 0.778300 0.638000 0.084100 0.107700
0 0.262300 0.893500 0.116800 0.176300
0 0.552800 0.472100 0.052300 0.055600
0 0.292600 0.503800 0.040100 0.049800
0 0.623300 0.674700 0.074900 0.093700
0 0.438100 0.582200 0.048600 0.062800
0 0.205100 0.473800 0.026100 0.029700
0 0.338200 0.520900 0.059800 0.082800
0 0.990800 0.642300 0.018000 0.058000
0 0.382000 0.511400 0.048000 0.060900
0 0.662700 0.473700 0.048600 0.027200
0 0.464600 0.454400 0.037600 0.024300
0 0.255000 0.473200 0.022200 0.027300
0 0.373400 0.440500 0.028800 0.026700
